[[ 8.50513563e-01 -8.91260300e+01]
 [ 8.48185758e-01 -8.91236267e+01]
 [ 2.07421312e-01  8.64207382e+01]
 [ 7.28789303e-01 -8.89800797e+01]
 [ 1.94133094e-01  8.61764526e+01]
 [ 1.84407418e-01  8.59754410e+01]
 [ 4.69256830e-01 -8.84162369e+01]
 [ 6.40443924e-01 -8.88394241e+01]
 [ 2.15322652e-01  8.65517654e+01]
 [ 6.77488275e-01 -8.89028702e+01]
 [ 7.89258344e-01 -8.90582123e+01]
 [ 3.67605017e-01  8.79786072e+01]
 [ 7.84584535e-01 -8.90525970e+01]
 [ 7.31293075e-01 -8.89835663e+01]
 [ 8.97284342e-02  8.17722397e+01]
 [ 5.39758805e-01 -8.86230164e+01]
 [ 1.35314959e-01  8.45230331e+01]
 [ 3.17443498e-01 -8.76595230e+01]
 [ 3.86900176e-01  8.80793381e+01]
 [ 3.58387133e-01  8.79266586e+01]
 [ 3.62779600e-01 -8.79517441e+01]
 [ 8.29581164e-02 -8.11110840e+01]
 [ 2.75834862e-01 -8.73069611e+01]
 [ 5.50636501e-01 -8.86502075e+01]
 [ 3.77599734e-01 -8.80320663e+01]
 [ 4.59860565e-01 -8.83838882e+01]
 [ 8.91047136e-01  8.91657791e+01]
 [ 9.17232233e-02  8.19488068e+01]
 [ 5.64471919e-01 -8.86832809e+01]
 [ 3.00757032e-01  8.75298309e+01]
 [ 8.70420613e-01  8.91460114e+01]
 [ 1.98642346e-01 -8.62629929e+01]
 [ 7.87441149e-01  8.90560379e+01]
 [ 5.65009231e-01  8.86845322e+01]
 [ 8.47074089e-02 -8.12918167e+01]
 [ 1.02223976e+00  8.92728271e+01]
 [ 1.87388709e-01  8.60392685e+01]
 [ 2.38559898e-01 -8.68869476e+01]
 [ 2.51713289e-01  8.70493240e+01]
 [ 6.76976694e-02 -7.91506653e+01]
 [ 4.70977818e-01  8.84220200e+01]
 [ 9.43108025e-01  8.92118225e+01]
 [ 5.15109246e-01 -8.85571442e+01]
 [ 8.59435265e-01  8.91351013e+01]
 [ 7.86751003e-01 -8.90552063e+01]
 [ 3.50525182e-02 -6.96883240e+01]
 [ 2.96131764e-01  8.74912949e+01]
 [ 8.31772691e-02 -8.11341400e+01]
 [ 8.22760917e-03  3.23804169e+01]
 [ 4.81180226e-02 -7.49097672e+01]]