[[[ 0.46365356  0.02832031]
  [ 0.57006836  0.03289795]
  [ 0.63583374 -0.14544678]
  ...
  [ 0.00439453 -0.8190155 ]
  [-0.45169067 -0.7864075 ]
  [-0.12466431 -0.5716095 ]]

 [[ 0.4588623   0.02728271]
  [ 0.58135986  0.02877808]
  [ 0.6366272  -0.143219  ]
  ...
  [ 0.00732422 -0.8149872 ]
  [-0.44161987 -0.77560425]
  [-0.13165283 -0.5803833 ]]

 [[ 0.7622986  -0.10952759]
  [ 1.6766357  -1.6068573 ]
  [-1.4714966   1.1000519 ]
  ...
  [-0.01159668 -0.930542  ]
  [-0.41064453 -0.8243866 ]
  [-0.20889282 -0.5617218 ]]

 ...

 [[-0.197052   -1.9186859 ]
  [-0.06228638 -1.4172668 ]
  [ 2.1540833  -1.3991547 ]
  ...
  [ 0.          0.        ]
  [ 0.          0.        ]
  [ 0.          0.        ]]

 [[-1.0379944   0.04960632]
  [ 2.6133423   0.6662903 ]
  [-1.6842651   2.7378082 ]
  ...
  [ 0.          0.        ]
  [ 0.          0.        ]
  [ 0.          0.        ]]

 [[-0.33840942  0.65185547]
  [ 0.8956299  -1.5300293 ]
  [ 0.03424072  0.15673828]
  ...
  [ 0.          0.        ]
  [ 0.          0.        ]
  [ 0.          0.        ]]]
 (50, 108, 2)